function [ Y ] = Function03( C )
%UNTITLED 此处显示有关此函数的摘要
%   此处显示详细说明
x=[0.912;0.986;1.06;1.13;1.19;1.26;1.32;1.38];
y=[13.7;15.9;18.5;21.3;23.5;27.2;32.7;36.0];
Y=C(1).*x.^C(2)-y;

end

